D = 5;
n = [ 1 1 3 3 3 ];
N = 40;
d = [ 1 2 3 3 3 4 4 4 5 5 5 5 5 2 2 4 2 3 4 3 1 4 4 2 1 5 1 5 1 2 3 3 2 5 4 1 3 1 3 4 ];
m = [
    [ 1 0.87 0.34 1 0.76 0.79 0.19 0.15 0.45 0.86 0.22 0.33 0.88 0.9 1 0.24 0.15 0.64 0 0.27 0.62 1 1 0.87 0.95 0.84 0.45 0.97 0.98 1 0 0.3 0.56 0.58 0.36 1 0.6 0.96 0.95 0.9 ]
    [ 0.87 1 0.72 0.27 1 0.18 0.8 0.75 0.67 0.13 0.69 0.76 0.25 0.19 0.65 0.21 0.14 0.18 1 0.23 0.86 0.87 0.32 0.39 0.36 0.9 0.92 0.26 0.2 0.18 0.29 0.14 0.16 0.98 0.95 0.99 0.31 0.68 0.16 0.3 ]
    [ 0.34 0.72 1 0.28 0.74 1 1 0.67 0.25 0.77 0.56 0.88 0.8 0.93 0 0.33 1 0.28 0.7 0.19 0.42 0.66 0.6 0.33 0.93 0.89 0 0.21 0.29 0.98 1 0.35 0.49 0.61 0.84 0.32 0.69 0.39 0 0.31 ]
    [ 1 0.27 0.28 1 0.51 0.59 0.66 0.9 0.62 0.77 0.4 0.47 0.91 0.76 1 0 0.23 0.75 0.5 0.28 0.43 0.39 0.83 0.72 0.86 0 0 0.31 0.52 0.13 0.84 1 1 0.47 0 0.76 0.78 0.73 0.61 0.26 ]
    [ 0.76 1 0.74 0.51 1 0.63 0.41 0 0.3 0.47 0.33 0.42 1 0.84 0.78 0.46 1 0 1 0.88 0.14 1 0.13 0.95 0.27 1 0.42 0.15 0.16 0.21 1 0.65 0.59 0.48 0.66 1 1 1 0.36 0.76 ]
    [ 0.79 0.18 1 0.59 0.63 1 0.56 0.39 0.91 0.13 0.7 0 0.18 0.48 0.49 1 1 0.15 0.52 0.38 0.8 0.16 0.61 1 0.26 0.27 0.16 0.9 0.43 0.81 1 0.76 0.77 0 0.26 0.34 0.97 1 0.21 0.79 ]
    [ 0.19 0.8 1 0.66 0.41 0.56 1 0.89 0.63 0.68 0.57 0.6 0.2 0.45 0.82 0.57 0.2 0.88 1 0.2 0.61 0.9 0.57 1 0.5 0.43 1 0 0.82 0.4 0.97 0.38 0 0.88 0.77 0.34 0 0.42 0.2 0.65 ]
    [ 0.15 0.75 0.67 0.9 0 0.39 0.89 1 1 0.93 0.28 0.52 0.29 0.91 0.58 0.6 0.72 0.74 0.74 1 1 0.33 0.2 1 0.23 0.98 0.24 0.78 1 0.95 0.66 0.39 0.73 1 0.42 1 0.74 0.81 1 0.83 ]
    [ 0.45 0.67 0.25 0.62 0.3 0.91 0.63 1 1 1 0.99 0.47 0.99 0.14 0.42 0.71 0.36 0.64 0.59 0.68 0.66 0.24 0.52 0.52 0.81 0.81 1 0.74 0.55 0.67 0.37 0.47 0.98 0.82 0.86 0.92 1 0.15 0.18 0.61 ]
    [ 0.86 0.13 0.77 0.77 0.47 0.13 0.68 0.93 1 1 0.93 0.95 0.92 0.19 0.26 0.6 0.41 1 0.87 0.65 0.53 0.41 0.9 0.4 0.91 0.23 0.12 0.99 0.56 0.15 0 0.14 0.52 0.17 0.22 0 0.56 1 0.91 0.19 ]
    [ 0.22 0.69 0.56 0.4 0.33 0.7 0.57 0.28 0.99 0.93 1 0.63 0.83 0.29 0.44 0.17 0.88 0.56 0.16 0.89 0.63 0.84 0.55 0.75 1 0.71 0.16 0.32 0.74 0.47 0.16 0.99 0.19 0.23 0.79 0.89 0.92 0.51 0.3 0.72 ]
    [ 0.33 0.76 0.88 0.47 0.42 0 0.6 0.52 0.47 0.95 0.63 1 0.6 0.71 0.93 0.92 0.82 0.55 0.72 0.18 0.77 0.94 0.22 0.66 0.74 0.77 0.59 0.54 1 0.64 0.97 0.37 0.12 0.93 0.62 0.91 0.73 1 0.37 0.77 ]
    [ 0.88 0.25 0.8 0.91 1 0.18 0.2 0.29 0.99 0.92 0.83 0.6 1 1 0.32 0.19 0.58 0.79 0.45 0.95 0.72 0.91 0.59 0.46 0.61 0 0.83 0.18 0.68 0.79 0.17 0 0.94 0.66 0.27 0.89 0.84 0.33 1 0.61 ]
    [ 0.9 0.19 0.93 0.76 0.84 0.48 0.45 0.91 0.14 0.19 0.29 0.71 1 1 0.67 1 0.21 0.74 0.2 0.58 0.2 0.8 0.15 0.21 0.23 1 1 0.18 0.9 0.88 0.12 0.23 0.33 0.91 0.71 1 0.79 0.21 0.49 1 ]
    [ 1 0.65 0 1 0.78 0.49 0.82 0.58 0.42 0.26 0.44 0.93 0.32 0.67 1 0.17 0.96 0.72 0.49 0.62 0 0.48 0.76 0.78 0.99 0.85 0.57 1 0.74 0.89 0.47 1 0.98 0.79 1 0.52 0.84 0.28 0.98 0.95 ]
    [ 0.24 0.21 0.33 0 0.46 1 0.57 0.6 0.71 0.6 0.17 0.92 0.19 1 0.17 1 0.71 0.2 0.61 0.75 0.55 0.82 0.38 0.15 0.87 0.99 0.51 0.14 0.19 1 0.16 0.32 0.56 0.84 0.49 0.21 0.43 0.71 0.58 0.33 ]
    [ 0.15 0.14 1 0.23 1 1 0.2 0.72 0.36 0.41 0.88 0.82 0.58 0.21 0.96 0.71 1 0.96 0.12 0 0.47 0.37 1 0.86 1 1 0.75 0.73 0.74 0.65 0.62 1 0.37 0.44 0.61 0.91 0 0.35 0.98 0.41 ]
    [ 0.64 0.18 0.28 0.75 0 0.15 0.88 0.74 0.64 1 0.56 0.55 0.79 0.74 0.72 0.2 0.96 1 0.79 0.69 0.2 0.16 0.24 1 0.2 0.5 0.22 0.22 0.59 1 0.58 0.98 0.32 0.32 0.53 0.31 1 0.83 0.44 0.35 ]
    [ 0 1 0.7 0.5 1 0.52 1 0.74 0.59 0.87 0.16 0.72 0.45 0.2 0.49 0.61 0.12 0.79 1 0.17 0.9 0.48 0.9 0.94 0.65 1 0.77 0.18 0.69 0.75 0.12 0.63 0.32 1 0.39 0.2 0.28 1 0.92 0.83 ]
    [ 0.27 0.23 0.19 0.28 0.88 0.38 0.2 1 0.68 0.65 0.89 0.18 0.95 0.58 0.62 0.75 0 0.69 0.17 1 0.25 0.37 1 0.8 0.95 0.86 1 0.2 0.72 0.26 0.13 0.57 0.83 0.27 0.39 0.5 0.22 0.88 0.63 1 ]
    [ 0.62 0.86 0.42 0.43 0.14 0.8 0.61 1 0.66 0.53 0.63 0.77 0.72 0.2 0 0.55 0.47 0.2 0.9 0.25 1 0.92 0.35 1 0.58 0.47 1 0.98 0.69 1 0.74 0.74 0.24 0.31 0.36 0.97 0.7 0.57 0.56 0.76 ]
    [ 1 0.87 0.66 0.39 1 0.16 0.9 0.33 0.24 0.41 0.84 0.94 0.91 0.8 0.48 0.82 0.37 0.16 0.48 0.37 0.92 1 0.14 0.62 0.51 1 0.58 0.32 1 0.76 0.19 0.64 0.19 0.7 0.66 1 0.13 0 0.77 0.66 ]
    [ 1 0.32 0.6 0.83 0.13 0.61 0.57 0.2 0.52 0.9 0.55 0.22 0.59 0.15 0.76 0.38 1 0.24 0.9 1 0.35 0.14 1 0.42 0.64 0.41 1 0.18 1 0.5 0.14 0.45 0.74 0.79 1 0.38 0.37 0.83 0 0.41 ]
    [ 0.87 0.39 0.33 0.72 0.95 1 1 1 0.52 0.4 0.75 0.66 0.46 0.21 0.78 0.15 0.86 1 0.94 0.8 1 0.62 0.42 1 0.42 0.87 0.51 0.38 1 0.91 0.25 0.77 0.67 0.99 0.18 0.37 0.2 0.26 0.14 0.22 ]
    [ 0.95 0.36 0.93 0.86 0.27 0.26 0.5 0.23 0.81 0.91 1 0.74 0.61 0.23 0.99 0.87 1 0.2 0.65 0.95 0.58 0.51 0.64 0.42 1 0.15 0.68 0.82 0.42 1 0.87 0.38 1 0.9 0.9 1 0 0.68 0.73 0.41 ]
    [ 0.84 0.9 0.89 0 1 0.27 0.43 0.98 0.81 0.23 0.71 0.77 0 1 0.85 0.99 1 0.5 1 0.86 0.47 1 0.41 0.87 0.15 1 0.54 0.72 0.91 0.45 0.17 0.34 0.59 0.37 0.94 0.79 1 0.31 0.28 1 ]
    [ 0.45 0.92 0 0 0.42 0.16 1 0.24 1 0.12 0.16 0.59 0.83 1 0.57 0.51 0.75 0.22 0.77 1 1 0.58 1 0.51 0.68 0.54 1 0.97 0.17 0.74 0.43 0.13 0.66 0.12 0.5 0.89 0.5 0 0.87 0.31 ]
    [ 0.97 0.26 0.21 0.31 0.15 0.9 0 0.78 0.74 0.99 0.32 0.54 0.18 0.18 1 0.14 0.73 0.22 0.18 0.2 0.98 0.32 0.18 0.38 0.82 0.72 0.97 1 0.89 0.86 0.3 0.15 1 0.53 0.22 0.51 0.12 1 0.51 0.19 ]
    [ 0.98 0.2 0.29 0.52 0.16 0.43 0.82 1 0.55 0.56 0.74 1 0.68 0.9 0.74 0.19 0.74 0.59 0.69 0.72 0.69 1 1 1 0.42 0.91 0.17 0.89 1 0.96 0.47 0.57 0.7 0.54 0.6 0.55 1 0.28 0.21 0.88 ]
    [ 1 0.18 0.98 0.13 0.21 0.81 0.4 0.95 0.67 0.15 0.47 0.64 0.79 0.88 0.89 1 0.65 1 0.75 0.26 1 0.76 0.5 0.91 1 0.45 0.74 0.86 0.96 1 0.54 0.52 0.79 0.2 0.69 0.69 0 1 0.89 0.58 ]
    [ 0 0.29 1 0.84 1 1 0.97 0.66 0.37 0 0.16 0.97 0.17 0.12 0.47 0.16 0.62 0.58 0.12 0.13 0.74 0.19 0.14 0.25 0.87 0.17 0.43 0.3 0.47 0.54 1 0.17 0.89 0.89 0.39 0.36 0.51 0.43 0.18 0.7 ]
    [ 0.3 0.14 0.35 1 0.65 0.76 0.38 0.39 0.47 0.14 0.99 0.37 0 0.23 1 0.32 1 0.98 0.63 0.57 0.74 0.64 0.45 0.77 0.38 0.34 0.13 0.15 0.57 0.52 0.17 1 0.41 0.23 0.71 1 0.42 0.15 1 0.31 ]
    [ 0.56 0.16 0.49 1 0.59 0.77 0 0.73 0.98 0.52 0.19 0.12 0.94 0.33 0.98 0.56 0.37 0.32 0.32 0.83 0.24 0.19 0.74 0.67 1 0.59 0.66 1 0.7 0.79 0.89 0.41 1 0.18 0.36 0.98 0.52 0.31 0.16 0.38 ]
    [ 0.58 0.98 0.61 0.47 0.48 0 0.88 1 0.82 0.17 0.23 0.93 0.66 0.91 0.79 0.84 0.44 0.32 1 0.27 0.31 0.7 0.79 0.99 0.9 0.37 0.12 0.53 0.54 0.2 0.89 0.23 0.18 1 0.56 0.94 0.58 0.83 0.16 0.74 ]
    [ 0.36 0.95 0.84 0 0.66 0.26 0.77 0.42 0.86 0.22 0.79 0.62 0.27 0.71 1 0.49 0.61 0.53 0.39 0.39 0.36 0.66 1 0.18 0.9 0.94 0.5 0.22 0.6 0.69 0.39 0.71 0.36 0.56 1 0.43 0 0.48 0.62 0.74 ]
    [ 1 0.99 0.32 0.76 1 0.34 0.34 1 0.92 0 0.89 0.91 0.89 1 0.52 0.21 0.91 0.31 0.2 0.5 0.97 1 0.38 0.37 1 0.79 0.89 0.51 0.55 0.69 0.36 1 0.98 0.94 0.43 1 0.21 0.74 0.42 0.18 ]
    [ 0.6 0.31 0.69 0.78 1 0.97 0 0.74 1 0.56 0.92 0.73 0.84 0.79 0.84 0.43 0 1 0.28 0.22 0.7 0.13 0.37 0.2 0 1 0.5 0.12 1 0 0.51 0.42 0.52 0.58 0 0.21 1 0.45 0.28 0.69 ]
    [ 0.96 0.68 0.39 0.73 1 1 0.42 0.81 0.15 1 0.51 1 0.33 0.21 0.28 0.71 0.35 0.83 1 0.88 0.57 0 0.83 0.26 0.68 0.31 0 1 0.28 1 0.43 0.15 0.31 0.83 0.48 0.74 0.45 1 0.26 0.66 ]
    [ 0.95 0.16 0 0.61 0.36 0.21 0.2 1 0.18 0.91 0.3 0.37 1 0.49 0.98 0.58 0.98 0.44 0.92 0.63 0.56 0.77 0 0.14 0.73 0.28 0.87 0.51 0.21 0.89 0.18 1 0.16 0.16 0.62 0.42 0.28 0.26 1 0.47 ]
    [ 0.9 0.3 0.31 0.26 0.76 0.79 0.65 0.83 0.61 0.19 0.72 0.77 0.61 1 0.95 0.33 0.41 0.35 0.83 1 0.76 0.66 0.41 0.22 0.41 1 0.31 0.19 0.88 0.58 0.7 0.31 0.38 0.74 0.74 0.18 0.69 0.66 0.47 1 ]
];
